# this is the problem of weird motion from pre ro grasp pose

start_joint_values: [-1.0231958269484362, 4.740355562815923, 1.6439964148146073, 2.2522884661724265, 1.9331332015286626, 2.4989416422246515]


non-plan trajectory
[[-1.023196  4.740356  1.643996  2.252288  1.933133  2.498942]
 [-1.02272   4.721498  1.627077  2.247932  1.930668  2.500577]
 [-1.022245  4.70264   1.610157  2.243576  1.928204  2.502213]
 [-1.02177   4.683782  1.593237  2.239219  1.925739  2.503849]
 [-1.021294  4.664924  1.576318  2.234863  1.923274  2.505484]
 [-1.020819  4.646067  1.559398  2.230507  1.920809  2.50712 ]
 [-1.020343  4.627209  1.542478  2.22615   1.918345  2.508756]
 [-1.019868  4.608351  1.525558  2.221794  1.91588   2.510391]
 [-1.019393  4.589493  1.508639  2.217438  1.913415  2.512027]
 [-1.018917  4.570635  1.491719  2.213081  1.91095   2.513663]]


 sdf_values:
 [-0.665046738170748,
 -1.1742796654228693,
 -0.8544384138296779,
 -0.6706265065392027,
 -0.367287876101905,
 -0.6661184857702129,
 -0.559661185575071,
 -0.532936124487753,
 -0.8123010735952453,
 -1.0697900574603325,
 -0.8179816494777333,
 -0.5775498178261453,
 -0.45297330897831856,
 -0.5579682580936779,
 -1.0780063987795006,
 -0.8804052035409162,
 -0.8059010949360781,
 -0.44117785576415736,
 -0.5971499627297057,
 -0.7855553347539094]

pre_grasps_in_world
[((-0.18051500901009004, -0.4509209781843611, 0.060073522825864915),
  (0.5206972300698874,
   -0.4574574054395235,
   0.5331254588864087,
   0.4851642627948231)),
 ((-0.2196938797751855, -0.5125672564691707, 0.09152041359039408),
  (0.08217468068542412,
   0.9543665031526698,
   -0.01486047962653893,
   0.2867247210473195)),
 ((-0.19632228857231981, -0.5487439600216453, 0.08452754537938802),
  (0.5284560223553082,
   0.6482460120423124,
   0.33334764149612345,
   -0.4351904068526982)),
 ((-0.17323316766763028, -0.4668831512376022, 0.10470225555722439),
  (-0.27962897211476023,
   0.8943218161705055,
   -0.26610633710871884,
   -0.22623780503291727)),
 ((-0.14700957864418795, -0.49369545797315006, 0.08390442790996831),
  (0.753232632230263,
   0.14413812616408064,
   -0.6110382285218445,
   -0.1962067420204091)),
 ((-0.21953041916688912, -0.5288615824725238, 0.06639634012753368),
  (0.722939330413582,
   0.2825268604521886,
   0.5000142826016893,
   -0.38408724901838315)),
 ((-0.23525138492878028, -0.4542259319205922, 0.07612567072413075),
  (0.7455555154081432,
   -0.183192855997599,
   0.5674476581554284,
   0.2976415733896413)),
 ((-0.2523500664497043, -0.4971660891617695, 0.08787385380291629),
  (-0.18931521531756337,
   0.8035044596958641,
   -0.25008148697037264,
   0.5059640129226685)),
 ((-0.1959997309991137, -0.555103939915502, 0.07821090333707811),
  (0.6436256132876397,
   0.5529802922326428,
   0.30202499977038594,
   -0.43444190156580137)),
 ((-0.2326475054535527, -0.5099962238330766, 0.08510752828499707),
  (0.022661736182197606,
   0.9121737977706839,
   -0.02501036884181139,
   0.40841142224993265)),
 ((-0.14855246120707594, -0.45327566802145336, 0.0763133915557871),
  (0.4637372891162696,
   -0.6446701835402943,
   0.2431819717450916,
   0.5569655373139228)),
 ((-0.1477637729463226, -0.5032335773223002, 0.10841452749704752),
  (0.855391962557788,
   0.33425221754148393,
   -0.36042366837087514,
   -0.16332429316613584)),
 ((-0.2521792375228452, -0.4821633448329031, 0.09818593033163181),
  (0.08505049410915888,
   0.8790995102271998,
   -0.2287449930014635,
   0.4094217785448717)),
 ((-0.13167874386697354, -0.5118735300058213, 0.06247763471251033),
  (0.7726898877512416,
   -0.005021514097871693,
   -0.6005681505503283,
   -0.20553106409420677)),
 ((-0.24780297262653886, -0.47879509824732597, 0.06425023636175496),
  (0.23423969587008533,
   0.7677438481722957,
   -0.12425274904170137,
   0.5833201546559704)),
 ((-0.14755815754963025, -0.4734127639005494, 0.07314774534217794),
  (-0.261409534597189,
   0.8253108101681814,
   -0.1568163360634375,
   -0.47532700174181175)),
 ((-0.14446298609350863, -0.45327726060847745, 0.08440073295760164),
  (0.463839088524733,
   -0.6447799557036014,
   0.2430242006575702,
   0.5568225449585861)),
 ((-0.17947050934945288, -0.4700789049027117, 0.09521384127699181),
  (0.6468208824293697,
   0.6271208316136289,
   -0.4162647252125271,
   0.1227431755873288)),
 ((-0.2138361784812387, -0.5288757541015116, 0.08535832852004331),
  (0.7233575984610288,
   0.28257128815976257,
   0.5015060152660292,
   -0.3813121667458502)),
 ((-0.2443444158830787, -0.48254345919928054, 0.08662106134251454),
  (0.14133100380889282,
   0.8748441023072157,
   -0.21404679091301657,
   0.4109225174172039))]


[2.2266986065892533, 1.5560163668200195, 4.895061875912751, -1.594184895880387, -2.1805763226486103, 0.9209942508378521]
No ik exists!
None
No ik exists!
None
[-1.150354611900367, 5.408709022882103, 5.0348992406406845, -1.8853150530625813, -2.8340901914379177, -2.4267238543029546]
No ik exists!
None
No ik exists!
None
No ik exists!
None
No ik exists!
None
No ik exists!
None
No ik exists!
None
[1.8966425451497866, 1.8107419844248884, 5.181545737692784, -0.7904965341386667, 1.8546482339336183, 2.7181289123339543]
No ik exists!
None
No ik exists!
None
No ik exists!
None
No ik exists!
None
[1.625997412568121, 1.9105007492565353, 4.923232535060857, -1.2642229404554086, 1.1375149842176402, 2.9416497745375434]
[1.4486876143770298, 1.8192020979492962, 4.894560452387307, 2.9030659441808186, -1.488366757660648, 0.6861472886791997]
[2.057307012608751, 2.062985038507829, 4.856196350793624, -0.2048454744642445, 0.637441000243605, 0.3377232427138482]
No ik exists!
None
No ik exists!
None